steps	episodes	elapsed	mean	median	stdev	max	min	average_q	average_loss	n_updates
100044	1588	563.8963923454285	0.5046	1.0	0.5000038403692899	1.0	0.0	0.13126059606824794	0.00043025884338374846	99944
200025	3175	1135.5894525051117	0.5091	1.0	0.4999421808753707	1.0	0.0	0.16332084023141355	0.0003046922059332818	199925
300006	4762	1704.2182431221008	0.5027	1.0	0.5000177114574814	1.0	0.0	0.12730757215849975	0.0003503576082216364	299906
400050	6350	2269.9009380340576	0.417	0.0	0.49308753130793437	1.0	0.0	0.13957648943537473	0.00016279728418094481	399950
500031	7937	2835.6165204048157	0.487	0.0	0.4998559648524361	1.0	0.0	0.1759207075215658	0.00030010042844714016	499931
600012	9524	3403.163128376007	0.1754	0.0	0.3803278913391615	1.0	0.0	0.17575193507900966	0.00021997387515304825	599912
700056	11112	3972.497216939926	0.5016	1.0	0.5000224417405927	1.0	0.0	0.13012884883369777	0.0003899399312443429	699956
800037	12699	4542.3178997039795	0.4993	0.0	0.5000245118504143	1.0	0.0	0.1804087100773146	0.0003390881188688087	799937
900018	14286	5113.137088537216	0.4953	0.0	0.5000029102825594	1.0	0.0	0.15053030077177165	0.0002203920636914589	899918
1000062	15874	5683.098876953125	0.3227	0.0	0.46753242524649097	1.0	0.0	0.15838592023751832	0.00019730253672595695	999962
1100043	17461	6251.35049533844	0.5057	1.0	0.4999925091948129	1.0	0.0	0.17440297984546996	0.0002545112657692558	1099943
1200024	19048	6817.47274184227	0.9705	1.0	0.16921174090862057	1.0	0.0	0.14269359710289226	0.0002203072461861268	1199924
1300005	20635	7386.319743871689	0.4203	0.0	0.49363172226643093	1.0	0.0	0.16658821318121633	0.0002115858356449211	1299905
1400049	22223	7953.337698698044	0.4923	0.0	0.4999657053945371	1.0	0.0	0.2165926285558438	0.0003019957207224308	1399949
1500030	23810	8520.594894647598	0.4917	0.0	0.4999561036836745	1.0	0.0	0.1327369277166896	0.0002608448092608534	1499930
1600011	25397	9091.794142246246	0.5105	1.0	0.49991473420389143	1.0	0.0	0.13854960759873858	0.0003231278539199536	1599911
1700055	26985	9663.749395132065	0.504	1.0	0.5000090008190753	1.0	0.0	0.17898953279632882	0.0003682972415582986	1699955
1800036	28572	10234.245805501938	0.5021	1.0	0.5000205916351904	1.0	0.0	0.17598486884067477	0.0002733083848197375	1799936
1900017	30159	10808.364963769913	0.5012	1.0	0.5000235618010772	1.0	0.0	0.181121122413029	0.0002498391967747389	1899917
2000061	31747	11382.108489274979	0.5747	1.0	0.49441314144695175	1.0	0.0	0.12942175640170567	0.000350787489754371	1999961
2100042	33334	11951.974984407425	0.7012	1.0	0.4577548622913744	1.0	0.0	0.16047358446656604	0.00022273176110625348	2099942
2200023	34921	12526.980030536652	0.4908	0.0	0.499940350477338	1.0	0.0	0.19112122107057597	0.00019057131416944505	2199923
2300004	36508	13100.706317186356	0.6237	1.0	0.484480940985523	1.0	0.0	0.12413897144833815	0.0003910281598896574	2299904
2400048	38096	13673.251193284988	0.68	1.0	0.4664994771446348	1.0	0.0	0.13454207218006164	0.00037875655776037706	2399948
2500029	39683	14247.832777500153	0.4995	0.0	0.5000247518625929	1.0	0.0	0.19006426366636958	0.0003562424176724313	2499929
2600010	41270	14820.986534357071	0.4973	0.0	0.5000177114574814	1.0	0.0	0.17656252257576538	0.00041502243822985683	2599910
2700054	42858	15396.289565086365	0.9808	1.0	0.13723426439607725	1.0	0.0	0.15507160529192554	0.0002581330613248909	2699954
2800035	44445	15972.894273757935	0.6593	1.0	0.4739683265762173	1.0	0.0	0.15223161785326184	0.0002761334493741209	2799935
2900016	46032	16545.176440238953	0.4961	0.0	0.5000097908832365	1.0	0.0	0.14630225865138582	0.00017403886190225413	2899916
3000060	47620	17114.383505821228	0.6404	1.0	0.4799071484017598	1.0	0.0	0.14275877410834525	0.00022758616759738231	2999960
3100041	49207	17684.730350732803	0.5014	1.0	0.5000230417733071	1.0	0.0	0.18825837624351424	0.00034956531919270474	3099941
3200022	50794	18253.734646081924	0.5532	1.0	0.4971865640259648	1.0	0.0	0.19652407667621197	0.0003293639305801726	3199922
3300003	52381	18823.55630850792	0.9779	1.0	0.14701616025164552	1.0	0.0	0.16802990185485475	0.00032066806152337144	3299903
3400047	53969	19396.08758997917	0.792	1.0	0.4058971239705016	1.0	0.0	0.15967903268631084	0.00015870377378095617	3399947
3500028	55556	19967.267941236496	0.5021	1.0	0.5000205916351904	1.0	0.0	0.17722885584369383	0.0003411199249949619	3499928
3600009	57143	20539.25019788742	0.9442	1.0	0.2295465729714044	1.0	0.0	0.16284891294559833	0.00029419577342988125	3599909
3700053	58731	21112.988579034805	0.5063	1.0	0.4999853083150075	1.0	0.0	0.2022679025707634	0.00027415998471039894	3699953
3800034	60318	21689.396751880646	0.6712	1.0	0.4698006292706794	1.0	0.0	0.161534235051088	0.00038925652344234257	3799934
3900015	61905	22258.647737026215	0.9666	1.0	0.17968769787293923	1.0	0.0	0.12051108866377483	0.0003916719824300805	3899915
4000059	63493	22826.59865450859	0.7166	1.0	0.4506714440421619	1.0	0.0	0.19399125868619524	0.0003763234179066856	3999959
4100040	65080	23394.68262887001	0.874	1.0	0.33186595712930567	1.0	0.0	0.14484588147568006	0.00043449031919342256	4099940
4200021	66667	23964.387775421143	0.9368	1.0	0.24333450468052575	1.0	0.0	0.19701766837735052	0.000416616670623089	4199921
4300002	68254	24536.71145939827	0.9057	1.0	0.2922602463647092	1.0	0.0	0.1872168313703161	0.0002760675947662529	4299902
4400046	69842	25115.26282143593	0.9275	1.0	0.2593269655232652	1.0	0.0	0.07701307845453831	0.0005824479843770346	4399946
4500027	71429	25691.498252153397	0.8999	1.0	0.30014829484754696	1.0	0.0	0.1328450639796326	0.00047521701662628406	4499927
4600008	73016	26263.391119480133	0.926	1.0	0.26178398172025064	1.0	0.0	0.14016816737746673	0.0005532129528583577	4599908
4700052	74604	26833.978063106537	0.4962	0.0	0.5000105609445721	1.0	0.0	0.15155033088104292	0.0003337598183862807	4699952
4800033	76191	27401.278049468994	0.8829	1.0	0.321555484781366	1.0	0.0	0.17215508624426065	0.0002549371438299485	4799933
4900014	77778	27968.746123075485	0.503	1.0	0.5000160013441171	1.0	0.0	0.185156285101787	0.00031841970626440516	4899914
5000058	79366	28537.360463142395	0.5413	1.0	0.4983163070923843	1.0	0.0	0.15802662938672676	0.00017359266947252652	4999958
5100039	80953	29114.96522283554	0.5019	1.0	0.5000213916816099	1.0	0.0	0.15380268440003492	0.00024167844312080966	5099939
5200020	82540	29687.55592751503	0.8973	1.0	0.3035818278366135	1.0	0.0	0.1458266353017753	0.00018153734428727594	5199920
5300001	84127	30267.199360370636	0.499	0.0	0.5000240018241525	1.0	0.0	0.1760500809955295	0.00023762022484044202	5299901
5400045	85715	30843.370705366135	0.9462	1.0	0.22563388722686695	1.0	0.0	0.15291545344923438	0.00015356379900805138	5399945
5500026	87302	31414.240645885468	0.5005	1.0	0.5000247518625929	1.0	0.0	0.1902382078129747	0.00011330119896612777	5499926
5600007	88889	31984.57688999176	0.9351	1.0	0.2463616435363683	1.0	0.0	0.19833235888729828	0.000156886991158108	5599907
5700051	90477	32562.659905195236	0.4888	0.0	0.4998995398627563	1.0	0.0	0.13983977731230013	0.00012179714215594203	5699951
5800032	92064	33135.49426484108	0.8799	1.0	0.32509469182972767	1.0	0.0	0.1547741701746213	0.00021345502182271368	5799932
5900013	93651	33707.7500038147	0.9014	1.0	0.2981391096331867	1.0	0.0	0.18527907399786459	0.0001878368744271972	5899913
6000057	95239	34280.579424381256	0.9679	1.0	0.17627449409862725	1.0	0.0	0.21767858370229787	0.00016958834537119947	5999957
6100038	96826	34852.45643925667	0.9494	1.0	0.2191904296369813	1.0	0.0	0.10893697779243407	0.00029876203966353976	6099938
6200019	98413	35423.97256946564	0.9912	1.0	0.09339931661010333	1.0	0.0	0.14073271474796256	0.00013343726607909957	6199919
