steps	episodes	elapsed	mean	median	stdev	max	min	average_q	average_loss	n_updates
100044	1588	562.9235496520996	0.4955	0.0	0.5000047504524807	1.0	0.0	0.28038274977525085	0.0024368507724680873	99944
200025	3175	1145.8756873607635	0.4956	0.0	0.5000056405322408	1.0	0.0	0.2662829635673638	0.002017149541437096	199925
300006	4762	1711.3336567878723	0.4932	0.0	0.49997875742454057	1.0	0.0	0.2605893087315192	0.0022566265412641714	299906
400050	6350	2279.1383163928986	0.4971	0.0	0.5000165913838919	1.0	0.0	0.269393697550084	0.002050145155597904	399950
500031	7937	2847.759845495224	0.4952	0.0	0.5000019601921772	1.0	0.0	0.2739036940887983	0.00209487105549827	499931
600012	9524	3417.760721206665	0.5121	1.0	0.49987856311086776	1.0	0.0	0.2776706183385865	0.002790197131642668	599912
700056	11112	3990.5672817230225	0.5016	1.0	0.5000224417405927	1.0	0.0	0.26918878758167525	0.002322093237048536	699956
800037	12699	4567.963888168335	0.4976	0.0	0.5000192415539549	1.0	0.0	0.2816236063391685	0.002335213452614144	799937
900018	14286	5141.989686965942	0.5002	1.0	0.5000249618731545	1.0	0.0	0.2716932103172211	0.0020299890499208923	899918
1000062	15874	5715.2169880867	0.5045	1.0	0.5000047504524807	1.0	0.0	0.2595820937005391	0.003101907466544916	999962
1100043	17461	6286.670891523361	0.4949	0.0	0.4999989898979696	1.0	0.0	0.26504212989731424	0.001973856543488367	1099943
1200024	19048	6861.109488487244	0.5026	1.0	0.5000182414914304	1.0	0.0	0.27807777211872126	0.002443729199514829	1199924
1300005	20635	7434.885758638382	0.4957	0.0	0.5000065106086771	1.0	0.0	0.27089329100275666	0.002646801053220667	1299905
1400049	22223	8003.7181758880615	0.5067	1.0	0.4999801076150941	1.0	0.0	0.2789611690165953	0.0024761668645153956	1399949
1500030	23810	8571.825080871582	0.5066	1.0	0.4999814377992591	1.0	0.0	0.2748731887064349	0.0022181907603805204	1499930
1600011	25397	9143.591493368149	0.4992	0.0	0.5000243618427442	1.0	0.0	0.29423738943626554	0.0026166284916413125	1599911
1700055	26985	9716.284704208374	0.4992	0.0	0.5000243618427442	1.0	0.0	0.27991362073640946	0.0023154311649490056	1699955
1800036	28572	10288.538352251053	0.5073	1.0	0.49997170637018756	1.0	0.0	0.27559634778527375	0.0025265087736202957	1799936
1900017	30159	10858.091549396515	0.4929	0.0	0.4999745868129158	1.0	0.0	0.25776509304990036	0.0021748046662184084	1899917
2000061	31747	11429.080971956253	0.5017	1.0	0.5000221117222928	1.0	0.0	0.26477839890353577	0.0025911413153864803	1999961
2100042	33334	11999.109366416931	0.4918	0.0	0.49995775399085224	1.0	0.0	0.2684809124927848	0.0023575614086578122	2099942
2200023	34921	12571.089745998383	0.4978	0.0	0.5000201616097112	1.0	0.0	0.2740055076348516	0.0025723644356684954	2199923
2300004	36508	13143.461659908295	0.4936	0.0	0.49998403814905973	1.0	0.0	0.2883121845046379	0.0023949203354763048	2299904
2400048	38096	13715.432361364365	0.5011	1.0	0.5000237918131876	1.0	0.0	0.24440283114624214	0.003087989841904972	2399948
2500029	39683	14285.112290859222	0.5091	1.0	0.4999421808753707	1.0	0.0	0.27991527220221185	0.0023101220598914286	2499929
2600010	41270	14856.772784948349	0.5026	1.0	0.5000182414914304	1.0	0.0	0.274456094977015	0.002997439801068348	2599910
2700054	42858	15427.083824396133	0.5044	1.0	0.5000056405322408	1.0	0.0	0.291814928421854	0.002549045916083379	2699954
2800035	44445	15998.409329652786	0.4878	0.0	0.4998761322715473	1.0	0.0	0.25891838636686154	0.0023107585611600546	2799935
2900016	46032	16571.50919651985	0.4999	0.0	0.5000249918746561	1.0	0.0	0.28002016888622866	0.0024950417414763997	2899916
3000060	47620	17140.87842297554	0.499	0.0	0.5000240018241525	1.0	0.0	0.27502915927674787	0.0025055614998576703	2999960
3100041	49207	17713.165130138397	0.5004	1.0	0.50002484186713	1.0	0.0	0.26805639257807834	0.0028304160133499705	3099941
3200022	50794	18281.898837327957	0.5069	1.0	0.4999773872274364	1.0	0.0	0.2761893422053031	0.0025294556663837536	3199922
3300003	52381	18851.8067176342	0.4941	0.0	0.49999018892264463	1.0	0.0	0.269808589260916	0.0029091142154359373	3299903
3400047	53969	19425.148196935654	0.5014	1.0	0.5000230417733071	1.0	0.0	0.26991170141924625	0.0024268075574008364	3399947
3500028	55556	19997.499629497528	0.4996	0.0	0.50002484186713	1.0	0.0	0.2808708663098759	0.0024358575640772017	3499928
3600009	57143	20569.294589042664	0.4897	0.0	0.49991889531221867	1.0	0.0	0.2824409870416888	0.002303335007669085	3599909
3700053	58731	21140.401131153107	0.4978	0.0	0.5000201616097112	1.0	0.0	0.276532427345035	0.002003475888501366	3699953
3800034	60318	21711.485713481903	0.5033	1.0	0.5000141112120148	1.0	0.0	0.28715007069308357	0.002683885744034202	3799934
3900015	61905	22283.044848442078	0.5045	1.0	0.5000047504524807	1.0	0.0	0.26449340190300863	0.002448164866626961	3899915
4000059	63493	22856.526453733444	0.5052	1.0	0.49999795979181716	1.0	0.0	0.27690677599540614	0.002731485747075035	3999959
4100040	65080	23431.99404668808	0.5006	1.0	0.5000246418570253	1.0	0.0	0.2592875881240688	0.0022378958552181677	4099940
4200021	66667	24008.243376016617	0.4976	0.0	0.5000192415539549	1.0	0.0	0.2645857675687051	0.002351720523172315	4199921
4300002	68254	24580.444926977158	0.4997	0.0	0.5000249118706478	1.0	0.0	0.25844588837616567	0.0026382307487079902	4299902
4400046	69842	25152.461248397827	0.4895	0.0	0.49991473420389143	1.0	0.0	0.26699339943687456	0.0024534384986312427	4399946
4500027	71429	25725.27681851387	0.4991	0.0	0.500024191833997	1.0	0.0	0.27484874661441233	0.0026487018650950198	4499927
4600008	73016	26297.633869171143	0.5016	1.0	0.5000224417405927	1.0	0.0	0.2532999533460748	0.0021483678509772713	4599908
4700052	74604	26868.830375909805	0.5033	1.0	0.5000141112120148	1.0	0.0	0.273275477878747	0.001884513347447145	4699952
4800033	76191	27440.423231601715	0.4727	0.0	0.4992791182933614	1.0	0.0	0.2787949893482265	0.0022423416921916683	4799933
4900014	77778	28010.954626083374	0.4937	0.0	0.4999853083150075	1.0	0.0	0.26606017643119506	0.0021487826074075827	4899914
5000058	79366	28584.41348695755	0.4958	0.0	0.500007360681894	1.0	0.0	0.2931416648933456	0.0026916658301655073	4999958
5100039	80953	29156.002695322037	0.5023	1.0	0.5000197115826506	1.0	0.0	0.2803060584477825	0.002731325766997935	5099939
5200020	82540	29731.23868894577	0.5077	1.0	0.4999657053945371	1.0	0.0	0.27788013354090807	0.0024728888295991558	5199920
5300001	84127	30306.053713083267	0.499	0.0	0.5000240018241525	1.0	0.0	0.2590275621248947	0.0023422993623827913	5299901
5400045	85715	30880.28954410553	0.4989	0.0	0.5000237918131876	1.0	0.0	0.27164199804872363	0.0029672810404146486	5399945
5500026	87302	31452.987320184708	0.4901	0.0	0.49992697736596475	1.0	0.0	0.26726046480847704	0.0024778728104409846	5499926
5600007	88889	32025.496930360794	0.4968	0.0	0.5000147612582528	1.0	0.0	0.2652545972953074	0.002032945463588289	5599907
5700051	90477	32600.50506401062	0.5115	1.0	0.4998927277665953	1.0	0.0	0.2709726459384575	0.002336947248420987	5699951
5800032	92064	33177.27084565163	0.4928	0.0	0.49997315659516317	1.0	0.0	0.2750763046692518	0.0021107337455306234	5799932
5900013	93651	33750.75784730911	0.5058	1.0	0.49999135906124775	1.0	0.0	0.27952964786919243	0.002802200531720358	5899913
6000057	95239	34326.14537215233	0.4934	0.0	0.4999814377992591	1.0	0.0	0.2600884136419078	0.002319110409531053	5999957
6100038	96826	34898.011414051056	0.498	0.0	0.5000210016591403	1.0	0.0	0.27451937626426254	0.00273058944489409	6099938
6200019	98413	35473.43857526779	0.5028	1.0	0.5000171614216572	1.0	0.0	0.26614689045394835	0.002196610532129007	6199919
6300000	100000	36045.1826004982	0.5037	1.0	0.5000113110031743	1.0	0.0	0.2863441338773372	0.0027844626994366303	6299900
6400044	101588	36618.50307583809	0.5072	1.0	0.49997315659516317	1.0	0.0	0.25873582175051874	0.001795314146870457	6399944
6500025	103175	37192.31655359268	0.4978	0.0	0.5000201616097112	1.0	0.0	0.2562061087929986	0.0024005778705317796	6499925
6600006	104762	37770.813618421555	0.5025	1.0	0.5000187515235679	1.0	0.0	0.2685120098585214	0.00236573001217882	6599906
6700050	106350	38343.062160253525	0.5055	1.0	0.4999947494473792	1.0	0.0	0.2756599735802461	0.0021778348371521996	6699950
6800031	107937	38915.36964511871	0.5021	1.0	0.5000205916351904	1.0	0.0	0.28054202744519785	0.0020730589475813936	6799931
6900012	109524	39486.34925746918	0.5095	1.0	0.49993473921537745	1.0	0.0	0.2839958869145581	0.0025508172347044624	6899912
7000056	111112	40059.29323220253	0.4939	0.0	0.49998778862976034	1.0	0.0	0.26217085372826743	0.0026086436164175684	6999956
7100037	112699	40631.53443169594	0.4969	0.0	0.5000153913022617	1.0	0.0	0.2751488996347366	0.0024808841429044444	7099937
7200018	114286	41203.36455011368	0.5021	1.0	0.5000205916351904	1.0	0.0	0.28521026293246843	0.002593721884041833	7199918
7300062	115874	41778.31160187721	0.5021	1.0	0.5000205916351904	1.0	0.0	0.2643236116315084	0.002077725263202537	7299962
7400043	117461	42352.270169734955	0.5007	1.0	0.5000245118504143	1.0	0.0	0.26982578428290394	0.0025136628816696876	7399943
7500024	119048	42924.59691762924	0.5055	1.0	0.4999947494473792	1.0	0.0	0.2675459022792834	0.0025609130462601833	7499924
7600005	120635	43497.56886577606	0.5036	1.0	0.5000120410591333	1.0	0.0	0.2820171753566534	0.0030113798405779603	7599905
7700049	122223	44071.348945856094	0.5017	1.0	0.5000221117222928	1.0	0.0	0.26802676137138626	0.0027942509725939657	7699949
7800030	123810	44645.477232694626	0.497	0.0	0.5000160013441171	1.0	0.0	0.2627356065399267	0.00291457002394263	7799930
7900011	125397	45218.354784965515	0.5027	1.0	0.5000177114574814	1.0	0.0	0.2739234558438277	0.002398255732232587	7899911
8000055	126985	45792.39827013016	0.4935	0.0	0.49998274797719516	1.0	0.0	0.26711321242075947	0.0030208205564198074	7999955
8100036	128572	46363.25066947937	0.4972	0.0	0.5000171614216572	1.0	0.0	0.26314149900182027	0.0025474932019159953	8099936
8200017	130159	46936.57772898674	0.5038	1.0	0.5000105609445721	1.0	0.0	0.27217458867043276	0.0023017336250654883	8199917
8300061	131747	47510.71409535408	0.5023	1.0	0.5000197115826506	1.0	0.0	0.27802654286247724	0.002717756896050636	8299961
8400042	133334	48083.975759506226	0.5027	1.0	0.5000177114574814	1.0	0.0	0.2633001805921057	0.0026253459489883157	8399942
8500023	134921	48661.8551094532	0.5014	1.0	0.5000230417733071	1.0	0.0	0.26121544193655055	0.0028397113486548936	8499923
8600004	136508	49237.5074133873	0.4915	0.0	0.4999527430413073	1.0	0.0	0.26908949184434544	0.0022369868475999805	8599904
8700048	138096	49814.586376190186	0.5022	1.0	0.5000201616097112	1.0	0.0	0.2703255311337447	0.002407758702638091	8699948
8800029	139683	50392.28793120384	0.499	0.0	0.5000240018241525	1.0	0.0	0.26256280869853427	0.0026152175484560223	8799929
8900010	141270	50971.88842010498	0.4978	0.0	0.5000201616097112	1.0	0.0	0.27262632932733677	0.002204938481623066	8899910
9000054	142858	51545.21513366699	0.505	1.0	0.5	1.0	0.0	0.2820969237512935	0.002264692482573862	8999954
9100035	144445	52116.4240527153	0.4916	0.0	0.49995443336722634	1.0	0.0	0.2733589956932295	0.0021880826684129656	9099935
9200016	146032	52689.688017606735	0.4924	0.0	0.49996723565016976	1.0	0.0	0.2712937481942489	0.0022897476869575763	9199916
9300060	147620	53264.81306862831	0.4937	0.0	0.4999853083150075	1.0	0.0	0.2884157260114133	0.0020765286431966962	9299960
9400041	149207	53841.152406454086	0.5041	1.0	0.5000081907519935	1.0	0.0	0.26980320618773634	0.0025388551123597283	9399941
9500022	150794	54414.996493816376	0.5011	1.0	0.5000237918131876	1.0	0.0	0.2766962461774854	0.002756771450539571	9499922
9600003	152381	54988.20129299164	0.5002	1.0	0.5000249618731545	1.0	0.0	0.2792547440049865	0.0020698790511053133	9599903
9700047	153969	55563.43954706192	0.5113	1.0	0.49989728918046056	1.0	0.0	0.2816992261965029	0.0030110532354110198	9699947
9800028	155556	56136.49738883972	0.5027	1.0	0.5000177114574814	1.0	0.0	0.27934993944929737	0.0024521635831903825	9799928
9900009	157143	56713.328592300415	0.5014	1.0	0.5000230417733071	1.0	0.0	0.2682189673623376	0.0027632967729819464	9899909
10000000	158731	57291.19795513153	0.5075	1.0	0.4999687458978686	1.0	0.0	0.267882703210095	0.0021218749191479138	9999900
