steps	episodes	elapsed	mean	median	stdev	max	min	average_q	average_loss	n_updates
100006	3226	454.0404932498932	0.4942	0.0	0.49999135906124775	1.0	0.0	0.37033204157068267	0.004502158996419479	99906
200012	6452	910.5102276802063	0.5055	1.0	0.4999947494473792	1.0	0.0	0.3703853215287748	0.004787393058089518	199912
300018	9678	1368.4008111953735	0.5034	1.0	0.5000134411634695	1.0	0.0	0.3630013008212588	0.004604609490965634	299918
400024	12904	1841.43456697464	0.5041	1.0	0.5000081907519935	1.0	0.0	0.36975088939428824	0.005490081986923348	399924
500030	16130	2299.356671333313	0.507	1.0	0.4999759970236171	1.0	0.0	0.3724669361348736	0.003683307965552853	499930
600005	19355	2758.565090417862	0.5031	1.0	0.5000153913022617	1.0	0.0	0.3729590556449468	0.004426992658028221	599905
700011	22581	3217.6562094688416	0.5054	1.0	0.4999958395666492	1.0	0.0	0.3679813886405975	0.0035273390193677912	699911
800017	25807	3676.9897985458374	0.5039	1.0	0.5000097908832365	1.0	0.0	0.35472724366615893	0.004377263338598328	799917
900023	29033	4135.30960059166	0.494	0.0	0.4999889987788631	1.0	0.0	0.3594075092696284	0.004232401162861641	899923
1000029	32259	4595.821134328842	0.5069	1.0	0.4999773872274364	1.0	0.0	0.3658136998511977	0.005009438719356377	999929
1100004	35484	5056.26691532135	0.5028	1.0	0.5000171614216572	1.0	0.0	0.3641699680555646	0.004264035708059044	1099904
1200010	38710	5520.899146080017	0.4965	0.0	0.5000127511125366	1.0	0.0	0.3604462387132898	0.004997545190569892	1199910
1300016	41936	5982.982496261597	0.498	0.0	0.5000210016591403	1.0	0.0	0.36798229182691694	0.0048955570196975	1299916
1400022	45162	6443.29892206192	0.5066	1.0	0.4999814377992591	1.0	0.0	0.3705447610371584	0.004628940614317625	1399922
1500028	48388	6904.211070299149	0.503	1.0	0.5000160013441171	1.0	0.0	0.34560691594963855	0.00419248018444105	1499928
1600003	51613	7365.623100042343	0.498	0.0	0.5000210016591403	1.0	0.0	0.3766558673055887	0.004592949377628022	1599903
1700009	54839	7826.986069917679	0.5029	1.0	0.5000165913838919	1.0	0.0	0.3765695620643156	0.0044995145323071545	1699909
1800015	58065	8289.363001823425	0.4932	0.0	0.49997875742454057	1.0	0.0	0.36464844724625867	0.0047090104905935576	1799915
1900021	61291	8749.606403112411	0.4992	0.0	0.5000243618427442	1.0	0.0	0.358433526787388	0.004444349959701497	1899921
2000027	64517	9210.718949079514	0.4945	0.0	0.4999947494473792	1.0	0.0	0.3599622228905202	0.0047485106134409595	1999927
2100002	67742	9666.947578191757	0.4959	0.0	0.5000081907519935	1.0	0.0	0.3682238275595871	0.004381616975018234	2099902
2200008	70968	10128.601987838745	0.5027	1.0	0.5000177114574814	1.0	0.0	0.38000970606436124	0.0040698826423125065	2199908
2300014	74194	10589.41598200798	0.4818	0.0	0.49969363551373885	1.0	0.0	0.35547810807700503	0.0047802770600895925	2299914
2400020	77420	11047.652214288712	0.5028	1.0	0.5000171614216572	1.0	0.0	0.35713374450156793	0.004867623234503011	2399920
2500026	80646	11506.186656713486	0.4924	0.0	0.49996723565016976	1.0	0.0	0.38905685845155363	0.004870525472376577	2499926
2600001	83871	11962.960419654846	0.5012	1.0	0.5000235618010772	1.0	0.0	0.3771554996444074	0.004035038649169386	2599901
2700007	87097	12420.532245397568	0.501	1.0	0.5000240018241525	1.0	0.0	0.35245005101913196	0.00430702417661657	2699907
2800013	90323	12882.057904720306	0.4994	0.0	0.5000246418570253	1.0	0.0	0.36620941745161495	0.005137653674797464	2799913
2900019	93549	13344.352391242981	0.5106	1.0	0.49991262362849603	1.0	0.0	0.3563512387559057	0.004778755247079776	2899919
3000025	96775	13805.581664800644	0.4943	0.0	0.4999925091948129	1.0	0.0	0.374882698236818	0.004271068503974873	2999925
3100000	100000	14265.148969173431	0.5082	1.0	0.49995775399085224	1.0	0.0	0.3620887769450542	0.003987811213134351	3099900
3200006	103226	14725.303409576416	0.5022	1.0	0.5000201616097112	1.0	0.0	0.36546281948916126	0.00372410783570309	3199906
3300012	106452	15186.876789569855	0.5012	1.0	0.5000235618010772	1.0	0.0	0.36656424095639056	0.004407948953197533	3299912
3400018	109678	15646.939243555069	0.4962	0.0	0.5000105609445721	1.0	0.0	0.3765047304810515	0.005075457092553519	3399918
3500024	112904	16108.690901517868	0.506	1.0	0.4999889987788631	1.0	0.0	0.37653285612197057	0.004511199204739458	3499924
3600030	116130	16569.978657245636	0.5087	1.0	0.4999493023602424	1.0	0.0	0.3691743685887269	0.004299265803127771	3599930
3700005	119355	17029.069047689438	0.5062	1.0	0.49998655847519097	1.0	0.0	0.376025519462716	0.004873076503211907	3699905
3800011	122581	17489.894020795822	0.4949	0.0	0.4999989898979696	1.0	0.0	0.3666870649909588	0.004278858179299424	3799911
3900017	125807	17949.67525792122	0.4958	0.0	0.500007360681894	1.0	0.0	0.3697582737250715	0.003976566846358953	3899917
4000023	129033	18411.501163482666	0.5025	1.0	0.5000187515235679	1.0	0.0	0.3670238771268951	0.0042250009078841355	3999923
4100029	132259	18872.367414474487	0.5088	1.0	0.4999475520046833	1.0	0.0	0.3553754464514961	0.004522181825798482	4099929
4200004	135484	19330.476939439774	0.4963	0.0	0.5000113110031743	1.0	0.0	0.37693933783384337	0.004330500741769442	4199904
4300010	138710	19793.11694431305	0.4999	0.0	0.5000249918746561	1.0	0.0	0.356010467179743	0.004321127591947684	4299910
4400016	141936	20257.21379518509	0.4982	0.0	0.5000217617026459	1.0	0.0	0.3659146932784577	0.004901907276697964	4399916
4500022	145162	20717.635261297226	0.5053	1.0	0.499996909681419	1.0	0.0	0.36968925753477194	0.003968080288442435	4499922
4600028	148388	21181.030559301376	0.4982	0.0	0.5000217617026459	1.0	0.0	0.37953028410074596	0.0051242631525455365	4599928
4700003	151613	21642.34146785736	0.4923	0.0	0.4999657053945371	1.0	0.0	0.3628757190663947	0.004701733386878753	4699903
4800009	154839	22103.599464654922	0.4966	0.0	0.5000134411634695	1.0	0.0	0.3592251373738446	0.004764548701560619	4799909
4900015	158065	22565.811118364334	0.4938	0.0	0.49998655847519097	1.0	0.0	0.36861522929733553	0.004355969626355157	4899915
5000021	161291	23030.582014799118	0.5047	1.0	0.5000029102825594	1.0	0.0	0.3887658071663325	0.004325970072782332	4999921
5100027	164517	23493.44696521759	0.4941	0.0	0.49999018892264463	1.0	0.0	0.36354446852997685	0.003850382690480771	5099927
5200002	167742	23959.382868528366	0.4945	0.0	0.4999947494473792	1.0	0.0	0.35884129914358925	0.00469479244144059	5199902
5300008	170968	24422.02551341057	0.5058	1.0	0.49999135906124775	1.0	0.0	0.3856844433706514	0.004511148910307158	5299908
5400014	174194	24885.424501895905	0.4985	0.0	0.500022751757585	1.0	0.0	0.3641111854279294	0.004273596865699187	5399914
5500020	177420	25344.926538944244	0.4961	0.0	0.5000097908832365	1.0	0.0	0.38158843240942847	0.004652451854050837	5499920
5600026	180646	25801.54768514633	0.5038	1.0	0.5000105609445721	1.0	0.0	0.3662692134604495	0.004393501274692074	5599926
5700001	183871	26263.58972477913	0.4967	0.0	0.5000141112120148	1.0	0.0	0.368990632330046	0.0046358302647835255	5699901
5800007	187097	26725.500829696655	0.4951	0.0	0.5000009900980296	1.0	0.0	0.3552139258798812	0.004374338530734397	5799907
5900013	190323	27186.11687707901	0.4994	0.0	0.5000246418570253	1.0	0.0	0.3632995591795204	0.004538044532399222	5899913
6000019	193549	27647.389135360718	0.5008	1.0	0.5000243618427442	1.0	0.0	0.3820512311154098	0.0043450586683764425	5999919
6100025	196775	28106.626075029373	0.499	0.0	0.5000240018241525	1.0	0.0	0.3606169244762742	0.0045392542965937855	6099925
6200000	200000	28568.08179450035	0.4929	0.0	0.4999745868129158	1.0	0.0	0.37940718450808597	0.004481326009472705	6199900
6300006	203226	29028.771092414856	0.4986	0.0	0.5000230417733071	1.0	0.0	0.3664409158483955	0.004492360794048803	6299906
6400012	206452	29488.846430063248	0.4938	0.0	0.49998655847519097	1.0	0.0	0.3675540221452819	0.0038880350903398226	6399912
6500018	209678	29949.33078479767	0.5027	1.0	0.5000177114574814	1.0	0.0	0.36732085707094164	0.005128861814817733	6499918
6600024	212904	30408.702584266663	0.4999	0.0	0.5000249918746561	1.0	0.0	0.3592317484477419	0.004461479771930303	6599924
6700030	216130	30868.8263194561	0.5024	1.0	0.5000192415539549	1.0	0.0	0.35584741762456384	0.004446020742374512	6699930
6800005	219355	31329.721373081207	0.4904	0.0	0.49993282877135437	1.0	0.0	0.3647179295742946	0.00431369521002867	6799905
6900011	222581	31792.75055217743	0.505	1.0	0.5	1.0	0.0	0.37595916878682323	0.00436902180374475	6899911
7000017	225807	32253.233580112457	0.5018	1.0	0.5000217617026459	1.0	0.0	0.3616278054664482	0.004455885397983909	6999917
7100023	229033	32713.81324362755	0.5074	1.0	0.4999702361378149	1.0	0.0	0.3802226548621984	0.003689728174453383	7099923
7200029	232259	33176.35642290115	0.5032	1.0	0.5000147612582528	1.0	0.0	0.371144001278494	0.004766736671782166	7199929
7300004	235484	33637.17717671394	0.4977	0.0	0.5000197115826506	1.0	0.0	0.36855009205629324	0.0042947484594246825	7299904
7400010	238710	34100.10348987579	0.4944	0.0	0.4999936393234782	1.0	0.0	0.3657988796581164	0.004348673509614162	7399910
7500016	241936	34563.02548933029	0.4932	0.0	0.49997875742454057	1.0	0.0	0.3845018188793426	0.004212885575336631	7499916
7600022	245162	35023.72643518448	0.4947	0.0	0.499996909681419	1.0	0.0	0.3670925157766692	0.005425441246780115	7599922
7700028	248388	35483.44631099701	0.4932	0.0	0.49997875742454057	1.0	0.0	0.379597004034194	0.00437779626242541	7699928
7800003	251613	35946.60632157326	0.4918	0.0	0.49995775399085224	1.0	0.0	0.3609978543405631	0.0038372336400293635	7799903
7900009	254839	36411.83195185661	0.4931	0.0	0.4999773872274364	1.0	0.0	0.3867917366956643	0.004168269169106024	7899909
8000015	258065	36876.222720623016	0.5006	1.0	0.5000246418570253	1.0	0.0	0.3513025577407384	0.004612346495885854	7999915
8100021	261291	37337.005724430084	0.4994	0.0	0.5000246418570253	1.0	0.0	0.36420988402792526	0.004484860090820018	8099921
8200027	264517	37800.31728744507	0.4932	0.0	0.49997875742454057	1.0	0.0	0.36073062776910964	0.00410547028677481	8199927
8300002	267742	38263.76970434189	0.4971	0.0	0.5000165913838919	1.0	0.0	0.3762706586262267	0.0036098267963533786	8299902
8400008	270968	38725.66718482971	0.4977	0.0	0.5000197115826506	1.0	0.0	0.3652536687284039	0.004436275141125345	8399908
8500014	274194	39191.69172310829	0.5002	1.0	0.5000249618731545	1.0	0.0	0.3731040746068196	0.004403180058040714	8499914
8600020	277420	39653.86255931854	0.4936	0.0	0.49998403814905973	1.0	0.0	0.3705407695431389	0.004758888190677398	8599920
8700026	280646	40117.97497057915	0.4986	0.0	0.5000230417733071	1.0	0.0	0.3784951501407549	0.004645440681357186	8699926
8800001	283871	40582.76019668579	0.4998	0.0	0.5000249618731545	1.0	0.0	0.3933537035523957	0.004645822811426813	8799901
8900007	287097	41044.36568880081	0.5014	1.0	0.5000230417733071	1.0	0.0	0.35317842726645304	0.0039654754787941246	8899907
9000013	290323	41505.96860933304	0.5141	1.0	0.4998261423907934	1.0	0.0	0.3659859688742315	0.00497984875788665	8999913
9100019	293549	41968.700741529465	0.5036	1.0	0.5000120410591333	1.0	0.0	0.3611917637463545	0.0041526724969283375	9099919
9200025	296775	42430.36696648598	0.5001	1.0	0.5000249918746561	1.0	0.0	0.36613506819761094	0.004375678003428848	9199925
9300000	300000	42893.06178212166	0.5008	1.0	0.5000243618427442	1.0	0.0	0.374993574100974	0.004563312924986475	9299900
9400006	303226	43354.20381832123	0.4978	0.0	0.5000201616097112	1.0	0.0	0.369436575145277	0.004884688314082626	9399906
9500012	306452	43815.211165905	0.5003	1.0	0.5000249118706478	1.0	0.0	0.37779361293683156	0.00451389673750955	9499912
9600018	309678	44275.8138563633	0.493	0.0	0.4999759970236171	1.0	0.0	0.36072568662645266	0.004981665624641399	9599918
9700024	312904	44737.47801423073	0.496	0.0	0.5000090008190753	1.0	0.0	0.35933685976276314	0.00415327665944073	9699924
9800030	316130	45197.693472623825	0.4955	0.0	0.5000047504524807	1.0	0.0	0.3776320791191142	0.004585098107960247	9799930
9900005	319355	45660.82550621033	0.5035	1.0	0.5000127511125366	1.0	0.0	0.3745156609949569	0.004560068178053817	9899905
10000000	322581	46125.470537900925	0.5025	1.0	0.5000187515235679	1.0	0.0	0.33259774695469957	0.0019044278424137067	9999900
